0.000
0.480
0.960
1.440
1.920
10.080
10.560
11.040
11.520
12.000
12.480
12.960
13.440
13.920
14.400
14.880
15.360
15.840
16.320
16.800
17.280
17.760
18.240
18.720
19.200
19.680
2.400
2.880
20.160
20.640
21.120
21.600
22.080
22.560
23.040
23.520
24.000
24.480
24.960
25.440
25.920
26.400
26.880
27.360
27.840
28.320
28.800
29.280
29.760
3.360
3.840
30.240
30.720
31.200
31.680
32.160
32.640
33.120
33.600
34.080
34.560
35.040
35.520
36.000
38.400
39.360
4.320
4.800
40.320
40.560
40.800
41.520
42.240
43.200
44.160
44.640
45.120
46.080
47.040
48.000
48.960
5.280
5.760
6.240
6.720
7.200
7.680
8.160
8.640
9.120
9.600
